mkdir -p results
python tools/multiblocks_analysis.py -i results/multiblocks.json --json


median of methods:
==================
methods    BLELOCHE      PADDED      SACT1      SACT2      ESACT
m                                                               
10         0.005120    0.004608   0.004207   0.004207   0.004032
11         0.005120    0.004622   0.004207   0.004207   0.004007
12         0.005376    0.004838   0.004286   0.004285   0.004207
13         0.005120    0.004651   0.004222   0.004396   0.004207
14         0.005136    0.004608   0.004408   0.004530   0.004202
15         0.015872    0.014256   0.013485   0.013775   0.012626
16         0.016960    0.015970   0.014311   0.014410   0.013264
17         0.022688    0.021153   0.018944   0.019020   0.017493
18         0.039200    0.036115   0.032206   0.029174   0.026817
19         0.069600    0.065088   0.056926   0.057677   0.053503
20         0.130528    0.120744   0.106212   0.107248   0.100161
21         0.217488    0.204739   0.175260   0.176563   0.166999
22         0.428032    0.402639   0.343244   0.345677   0.328535
23         0.858096    0.805766   0.685459   0.689903   0.656972
24         1.840976    1.703030   1.482462   1.495023   1.419436
25         3.677216    3.391848   2.942768   2.966145   2.817418
26         7.350784    6.769109   5.882738   5.930416   5.632354
27        14.785552   13.614091  11.833175  11.928069  11.329235
28        29.562768   27.223719  23.652265  23.845463  22.644966
29        59.129311   54.454017  47.335524  47.721580  45.318680
30       118.262848  109.027067  94.625203  95.380408  90.594691


mean of improving:
==================
methods
PADDED    0.079238
SACT1     0.184831
SACT2     0.180590
ESACT     0.227127
dtype: float64
