mkdir -p results
python tools/multiblocks_analysis.py -i results/multiblocks.json --json


median of methods:
==================
methods   BLELOCHE     PADDED      SACT1      SACT2      ESACT
m                                                             
10        0.008192   0.007373   0.006389   0.006554   0.006177
11        0.008192   0.007373   0.006376   0.006376   0.006177
12        0.008192   0.006580   0.006382   0.006554   0.006177
13        0.008192   0.007027   0.006540   0.006554   0.006177
14        0.008192   0.007373   0.006775   0.006775   0.006177
15        0.017840   0.015796   0.014580   0.014729   0.013725
16        0.024976   0.022320   0.020607   0.020598   0.018972
17        0.031456   0.028339   0.025343   0.024057   0.022079
18        0.051728   0.045490   0.041149   0.041526   0.038065
19        0.091952   0.079690   0.061462   0.061932   0.057500
20        0.178720   0.155103   0.141917   0.142694   0.135068
21        0.343664   0.298181   0.222181   0.219161   0.207679
22        0.674960   0.584798   0.531159   0.533686   0.506452
23        1.336016   1.158135   1.048302   1.053592   1.001639
24        2.656736   2.301869   2.085362   2.096792   1.994433
25        4.614944   4.591166   3.606308   3.625519   3.450914
26        7.824624   6.765912   6.142064   6.213552   5.915850
27       15.724688  13.526107  12.419281  12.485163  11.888280
28       31.512593  27.085940  24.875804  25.007156  23.812869
29       64.601791  55.189081  50.812073  51.076633  48.641941


mean of improving:
==================
methods
PADDED    0.122198
SACT1     0.219809
SACT2     0.217025
ESACT     0.262927
dtype: float64
