mkdir -p results
python tools/multiblocks_analysis.py -i results/multiblocks.json --json


median of methods:
==================
methods   BLELOCHE     PADDED      SACT1      SACT2      ESACT
m                                                             
10        0.013520   0.012672   0.010782   0.010809   0.010323
11        0.014144   0.013493   0.011244   0.011371   0.010867
12        0.011904   0.011261   0.009437   0.009502   0.009132
13        0.011008   0.010454   0.008703   0.008805   0.008476
14        0.011200   0.010368   0.008911   0.008961   0.008624
15        0.013328   0.012312   0.010878   0.011072   0.010757
16        0.016256   0.015652   0.013554   0.013434   0.012822
17        0.016320   0.014976   0.013922   0.014117   0.013107
18        0.020400   0.020275   0.017174   0.017005   0.015904
19        0.025216   0.025216   0.021561   0.021470   0.019633
20        0.039760   0.037685   0.033384   0.033461   0.030823
21        0.065184   0.059443   0.054182   0.054456   0.050554
22        0.160384   0.108792   0.100658   0.101527   0.094857
23        0.233328   0.208483   0.188552   0.190066   0.179480
24        0.456480   0.406483   0.368939   0.371868   0.352554
25        0.893456   0.798235   0.720764   0.726795   0.689518
26        1.773600   1.580731   1.429683   1.441009   1.368692
27        3.531984   3.147595   2.845357   2.869179   2.724678
28        7.047856   6.280301   5.674327   5.723420   5.435395
29       14.080608  12.541421  11.332475  11.432495  10.857281
30       28.147200  25.067851  22.648039  22.850793  21.700961


mean of improving:
==================
methods
PADDED    0.086617
SACT1     0.194328
SACT2     0.189422
ESACT     0.232950
dtype: float64
