mkdir -p results
python tools/multiblocks_analysis.py -i results/multiblocks.json --json


median of methods:
==================
methods   BLELOCHE     PADDED      SACT1      SACT2      ESACT
m                                                             
10        0.016384   0.014746   0.012673   0.012662   0.012103
11        0.016352   0.014746   0.012764   0.012991   0.012328
12        0.016352   0.014746   0.012619   0.012634   0.012089
13        0.016432   0.014788   0.012737   0.012696   0.012132
14        0.016352   0.014918   0.012644   0.012709   0.012122
15        0.025904   0.022881   0.022020   0.022046   0.020528
16        0.034240   0.030773   0.028424   0.028469   0.026512
17        0.060256   0.052143   0.049142   0.048301   0.045525
18        0.098976   0.084831   0.081359   0.079870   0.074396
19        0.173328   0.146160   0.139674   0.136114   0.125107
20        0.338976   0.286661   0.249157   0.248796   0.232866
21        0.677360   0.568958   0.494969   0.480413   0.470979
22        1.334336   1.116735   0.844116   0.815087   0.851695
23        2.649632   2.215181   1.748092   1.978710   2.037691
24        5.280736   4.410820   3.551790   3.690579   3.759411
25       10.538448   8.807025   6.700810   6.305489   7.114536
26       21.059184  17.592278  16.217472  16.196515  16.162550
27       19.603920  19.603920  14.530770  14.521418  14.496635
28       32.723488  26.790897  25.144741  25.148443  25.110765


mean of improving:
==================
methods
PADDED    0.129091
SACT1     0.245046
SACT2     0.245126
ESACT     0.265353
dtype: float64
