mkdir -p results
python tools/multiblocks_analysis.py -i results/multiblocks.json --json


median of methods:
==================
methods   BLELOCHE     PADDED      SACT1      SACT2      ESACT
m                                                             
10        0.008192   0.006451   0.006421   0.006421   0.006184
11        0.007168   0.006451   0.006021   0.006021   0.005722
12        0.007168   0.006451   0.005794   0.005619   0.005411
13        0.007168   0.006451   0.005619   0.005619   0.005411
14        0.007168   0.006451   0.005638   0.005632   0.005414
15        0.010096   0.008986   0.008029   0.008270   0.007766
16        0.009600   0.009058   0.007855   0.007885   0.007217
17        0.018096   0.016301   0.015310   0.015433   0.014353
18        0.024176   0.023674   0.019881   0.019839   0.018320
19        0.031584   0.028541   0.025788   0.026495   0.023888
20        0.059792   0.052819   0.049002   0.049752   0.045470
21        0.110448   0.097690   0.083283   0.083060   0.074339
22        0.211344   0.182362   0.168872   0.170409   0.158722
23        0.417248   0.359942   0.302363   0.304249   0.286948
24        0.822832   0.709603   0.647637   0.651685   0.617468
25        1.630336   1.409530   1.291346   1.298672   1.233179
26        2.842096   2.443407   2.249640   2.261777   2.150440
27        5.671952   4.873551   4.488317   4.512437   4.291738
28       11.335552   9.742636   8.965553   9.013053   8.573298
29       22.657248  19.468108  17.891501  17.987642  17.110894
30       45.309601  39.082926  35.778042  35.968998  34.215146
31       91.227810  78.398465  71.647482  72.031587  68.499897


mean of improving:
==================
methods
PADDED    0.118882
SACT1     0.203826
SACT2     0.199906
ESACT     0.247433
dtype: float64
